//. ブラウザによる差異を吸収
//navigator.getUserMedia = navigator.getUserMedia || navigator.webkitGetUserMedia || navigator.mozGetUserMedia || navigator.msGetUserMedia;
navigator.mediaDevices = navigator.mediaDevices || ((navigator.mozGetUserMedia || navigator.webkitGetUserMedia) ? {
   getUserMedia: function(c) {
     return new Promise(function(y, n) {
       (navigator.mozGetUserMedia ||
        navigator.webkitGetUserMedia).call(navigator, c, y, n);
     });
   }
} : null);
window.AudioContext = window.AudioContext || window.webkitAudioContext || window.mozAudioContext || window.msAudioContext;

//. バッファサイズ等
var audioContext = new AudioContext();
var bufferSize = 4096;
var cnt = 0;
var flag = 0;
var audioData_spec;
var audioData_wave;
var recording_time = 3000;
var periods = 20; // 選択する周波数の数
var bin_num = 10; // 選択する時間幅の数
var select_bin = (new Array(bin_num)).fill(0);
var bin_flag = (new Array(bin_num)).fill(0);
var bin_max=0;
var D = [5,44,48,113,260,639,1072,1192,1212,1231,1243,1274,1344,1627,1640,1658,1673,1743,1775,1842];
var mu = [[-80.52429686, -87.02170293, -69.30577235, -86.74037748,
           -76.9944471 , -88.07633106, -86.76025848, -80.02283983,
           -76.83499714, -87.44403918, -91.11723107, -57.02723316,
           -80.62116381, -73.9785609 , -80.69946591, -80.54728941,
           -69.59585216, -88.63629323, -77.54768659, -92.77435038],
          [-66.41650324, -90.56112808, -84.17983805, -90.02482668,
           -66.75596127, -91.32064388, -90.33944177, -79.31555342,
           -73.08643752, -90.68145014, -82.80756376, -58.85318377,
           -77.2578499 , -70.61426013, -75.97543422, -74.89726823,
           -67.22995938, -91.78087839, -73.35474023, -89.30110734],
          [-78.30318788, -68.00061817, -84.31890207, -87.021615  ,
           -82.63857954, -89.31744922, -84.63104091, -81.52290377,
           -69.75971389, -83.49571483, -93.66624164, -64.75844444,
           -66.5544189 , -67.59550431, -66.46603881, -80.2565603 ,
           -63.9123781 , -90.52603527, -72.55827941, -95.76439297],
          [-83.39928231, -90.37532848, -85.21855397, -90.3142928 ,
           -84.28471032, -78.96641968, -90.29329483, -72.60002158,
           -69.41667381, -90.39055912, -94.15860286, -61.11762573,
           -82.45439629, -64.99191081, -82.50673706, -83.65100565,
           -62.89261341, -83.43167735, -70.56340471, -96.1391052 ],
          [-84.19447899, -89.27584547, -86.4812543 , -78.97676543,
           -85.07852999, -92.47416013, -87.72568884, -83.356143  ,
           -67.14924353, -83.72744731, -96.42176167, -62.03290203,
           -82.94155555, -67.31921195, -83.92212995, -84.55208516,
           -61.72778248, -92.78121327, -66.89336206, -98.45789194],
          [-70.11075832, -85.14257312, -87.09410843, -82.80958956,
           -83.194213  , -92.42588438, -73.99907161, -82.45864778,
           -68.60207562, -88.46502701, -96.86813039, -62.90115759,
           -81.62639129, -66.07173301, -80.4367112 , -68.76137638,
           -61.51092055, -93.40993032, -66.10328576, -98.20309111]]
var sigma = [[[ 5.25991659e+01,  3.43207482e+00,  1.09661969e+01,
                5.44585174e+00,  2.36354925e+01,  1.48343769e+00,
                3.95235645e+00,  1.61009945e+01, -1.06344978e+01,
                3.37259728e+00,  3.84844650e+00, -4.62004008e+00,
                2.64712724e+01, -9.63182577e+00,  2.71357204e+01,
                2.78616675e+01, -1.51837410e+01,  1.65274606e+00,
               -1.11835537e+01,  4.15538261e+00],
              [ 3.43207482e+00,  7.84805745e+01,  1.58167018e+01,
                4.85161832e+01,  5.86371916e+00,  5.25804497e+01,
                4.89720340e+01,  1.22540669e+01, -5.77733236e+00,
                5.33656305e+01,  5.14414299e+01, -9.54383330e+00,
                4.29712403e+00, -6.98408431e+00,  3.28803927e+00,
                3.40244660e+00, -6.59809157e-01,  5.71799027e+01,
               -1.77540662e+00,  4.59599455e+01],
              [ 1.09661969e+01,  1.58167018e+01,  1.09317485e+02,
                1.53249106e+01,  2.28724541e+01,  1.56736544e+01,
                1.40803892e+01,  1.36101150e+01, -3.99310366e+01,
                1.60259798e+01,  3.82067808e+00, -6.97968515e+01,
                6.65326375e+00, -2.13049562e+01,  5.89658416e+00,
                1.06805004e+01,  2.04538456e+01,  1.28523795e+01,
               -3.76918635e+01,  1.37919975e+01],
              [ 5.44585174e+00,  4.85161832e+01,  1.53249106e+01,
                7.40158244e+01,  7.45980425e+00,  4.71488557e+01,
                5.24523587e+01,  1.44798646e+01, -7.15168173e+00,
                4.68576349e+01,  4.44806580e+01, -1.10281637e+01,
                5.98554799e+00, -8.11735201e+00,  4.24110866e+00,
                5.14040515e+00, -1.66798470e+00,  4.83973043e+01,
               -3.74047292e+00,  4.19225231e+01],
              [ 2.36354925e+01,  5.86371916e+00,  2.28724541e+01,
                7.45980425e+00,  5.89325267e+01,  6.68129087e+00,
                6.42497287e+00,  1.08087394e+01, -1.77257068e+01,
                6.38158377e+00,  5.48012582e+00, -1.56941714e+01,
                1.86153753e+01, -1.29193241e+01,  1.74923741e+01,
                2.45377828e+01, -1.04142199e+01,  5.18750805e+00,
               -1.72398978e+01,  8.96838161e+00],
              [ 1.48343769e+00,  5.25804497e+01,  1.56736544e+01,
                4.71488557e+01,  6.68129087e+00,  8.41807538e+01,
                4.87105835e+01,  1.33513570e+01, -3.66183629e+00,
                5.21521964e+01,  5.52660606e+01, -9.86581781e+00,
                2.91091850e+00, -5.47083071e+00,  2.63159352e+00,
                4.05368341e+00,  1.83110124e+00,  6.12451223e+01,
               -6.57551927e-01,  4.97854701e+01],
              [ 3.95235645e+00,  4.89720340e+01,  1.40803892e+01,
                5.24523587e+01,  6.42497287e+00,  4.87105835e+01,
                7.38733947e+01,  1.31603387e+01, -6.98422497e+00,
                4.85833642e+01,  4.51616055e+01, -1.20414072e+01,
                3.19766151e+00, -7.28731392e+00,  2.25133444e+00,
                3.12947311e+00, -4.48910141e-01,  4.90018453e+01,
               -3.23363253e+00,  4.25298205e+01],
              [ 1.61009945e+01,  1.22540669e+01,  1.36101150e+01,
                1.44798646e+01,  1.08087394e+01,  1.33513570e+01,
                1.31603387e+01,  5.57514789e+01, -1.44440747e+01,
                1.19444101e+01,  6.12157347e+00, -2.42828722e+01,
                1.86445567e+01, -7.88798461e+00,  1.55231800e+01,
                1.57778779e+01,  3.64551678e-01,  9.03246811e+00,
               -1.12632158e+01,  5.85558040e+00],
              [-1.06344978e+01, -5.77733236e+00, -3.99310366e+01,
               -7.15168173e+00, -1.77257068e+01, -3.66183629e+00,
               -6.98422497e+00, -1.44440747e+01,  8.18308076e+01,
               -4.47240548e+00,  6.58290197e+00,  8.27715917e+01,
               -7.89604574e+00,  2.94882031e+01, -7.55000007e+00,
               -1.01590193e+01, -7.97841831e+00,  9.43869312e-01,
                5.40158157e+01, -3.25553559e-01],
              [ 3.37259728e+00,  5.33656305e+01,  1.60259798e+01,
                4.68576349e+01,  6.38158377e+00,  5.21521964e+01,
                4.85833642e+01,  1.19444101e+01, -4.47240548e+00,
                7.89251851e+01,  5.21077498e+01, -8.48944479e+00,
                3.77790284e+00, -6.92166689e+00,  2.04643183e+00,
                4.45243193e+00, -1.14548438e+00,  5.57682481e+01,
               -1.62390006e+00,  4.60569595e+01],
              [ 3.84844650e+00,  5.14414299e+01,  3.82067808e+00,
                4.44806580e+01,  5.48012582e+00,  5.52660606e+01,
                4.51616055e+01,  6.12157347e+00,  6.58290197e+00,
                5.21077498e+01,  8.65411912e+01,  9.82221355e+00,
                5.17682873e+00, -4.28754935e+00,  4.99257940e+00,
                5.96576462e+00, -9.19783300e+00,  6.16410633e+01,
                6.31225288e+00,  5.98076671e+01],
              [-4.62004008e+00, -9.54383330e+00, -6.97968515e+01,
               -1.10281637e+01, -1.56941714e+01, -9.86581781e+00,
               -1.20414072e+01, -2.42828722e+01,  8.27715917e+01,
               -8.48944479e+00,  9.82221355e+00,  2.23756096e+02,
               -5.83774455e+00,  3.84236135e+01, -5.27505939e+00,
               -4.61820727e+00, -3.46661378e+01, -2.46621620e+00,
                7.89392832e+01, -1.67357349e+00],
              [ 2.64712724e+01,  4.29712403e+00,  6.65326375e+00,
                5.98554799e+00,  1.86153753e+01,  2.91091850e+00,
                3.19766151e+00,  1.86445567e+01, -7.89604574e+00,
                3.77790284e+00,  5.17682873e+00, -5.83774455e+00,
                5.69129467e+01, -8.44467477e+00,  2.72379275e+01,
                2.50848496e+01, -1.41701101e+01,  2.88489951e+00,
               -8.18807079e+00,  4.76966520e+00],
              [-9.63182577e+00, -6.98408431e+00, -2.13049562e+01,
               -8.11735201e+00, -1.29193241e+01, -5.47083071e+00,
               -7.28731392e+00, -7.88798461e+00,  2.94882031e+01,
               -6.92166689e+00, -4.28754935e+00,  3.84236135e+01,
               -8.44467477e+00,  5.11815687e+01, -8.81559419e+00,
               -9.74482887e+00,  8.60626380e+00, -3.82956948e+00,
                2.87665611e+01, -8.55367075e+00],
              [ 2.71357204e+01,  3.28803927e+00,  5.89658416e+00,
                4.24110866e+00,  1.74923741e+01,  2.63159352e+00,
                2.25133444e+00,  1.55231800e+01, -7.55000007e+00,
                2.04643183e+00,  4.99257940e+00, -5.27505939e+00,
                2.72379275e+01, -8.81559419e+00,  5.22233550e+01,
                2.44929668e+01, -1.72166445e+01,  2.06574970e+00,
               -8.43707228e+00,  3.93604216e+00],
              [ 2.78616675e+01,  3.40244660e+00,  1.06805004e+01,
                5.14040515e+00,  2.45377828e+01,  4.05368341e+00,
                3.12947311e+00,  1.57778779e+01, -1.01590193e+01,
                4.45243193e+00,  5.96576462e+00, -4.61820727e+00,
                2.50848496e+01, -9.74482887e+00,  2.44929668e+01,
                5.46877406e+01, -1.53909594e+01,  1.29560904e+00,
               -1.07895699e+01,  6.29031042e+00],
              [-1.51837410e+01, -6.59809157e-01,  2.04538456e+01,
               -1.66798470e+00, -1.04142199e+01,  1.83110124e+00,
               -4.48910141e-01,  3.64551678e-01, -7.97841831e+00,
               -1.14548438e+00, -9.19783300e+00, -3.46661378e+01,
               -1.41701101e+01,  8.60626380e+00, -1.72166445e+01,
               -1.53909594e+01,  7.66067256e+01,  1.04800423e+00,
               -3.94371238e+00, -5.90891798e+00],
              [ 1.65274606e+00,  5.71799027e+01,  1.28523795e+01,
                4.83973043e+01,  5.18750805e+00,  6.12451223e+01,
                4.90018453e+01,  9.03246811e+00,  9.43869312e-01,
                5.57682481e+01,  6.16410633e+01, -2.46621620e+00,
                2.88489951e+00, -3.82956948e+00,  2.06574970e+00,
                1.29560904e+00,  1.04800423e+00,  9.05848227e+01,
                4.43875458e+00,  5.51105167e+01],
              [-1.11835537e+01, -1.77540662e+00, -3.76918635e+01,
               -3.74047292e+00, -1.72398978e+01, -6.57551927e-01,
               -3.23363253e+00, -1.12632158e+01,  5.40158157e+01,
               -1.62390006e+00,  6.31225288e+00,  7.89392832e+01,
               -8.18807079e+00,  2.87665611e+01, -8.43707228e+00,
               -1.07895699e+01, -3.94371238e+00,  4.43875458e+00,
                7.83155029e+01,  8.48795056e-02],
              [ 4.15538261e+00,  4.59599455e+01,  1.37919975e+01,
                4.19225231e+01,  8.96838161e+00,  4.97854701e+01,
                4.25298205e+01,  5.85558040e+00, -3.25553559e-01,
                4.60569595e+01,  5.98076671e+01, -1.67357349e+00,
                4.76966520e+00, -8.55367075e+00,  3.93604216e+00,
                6.29031042e+00, -5.90891798e+00,  5.51105167e+01,
                8.48795056e-02,  7.68287162e+01]],

             [[ 3.65876806e+02, -2.43885378e+01,  6.70702906e+01,
               -2.91807905e+01, -7.23964440e+01, -2.75293221e+01,
               -2.23728401e+01,  3.12881929e+01, -6.13557791e+01,
               -1.97272504e+01,  1.82249186e+02, -6.44990942e+01,
                9.81313602e+01, -4.88598715e+01,  1.42683981e+02,
                1.55324818e+02, -6.85665726e+01, -2.43941209e+01,
               -6.97393319e+01,  6.05753124e+00],
              [-2.43885378e+01,  7.72961750e+01,  1.40984228e+01,
                4.49406282e+01,  2.84291085e+01,  4.71676458e+01,
                4.56761078e+01,  8.89829170e+00,  6.61993641e-01,
                5.12839108e+01, -2.30159998e+00,  7.22282648e+00,
                9.28971148e+00, -1.28931333e+01,  5.67740671e+00,
                1.82923955e+00, -1.21221784e+01,  4.69840961e+01,
                7.76548274e-01,  2.57052933e+01],
              [ 6.70702906e+01,  1.40984228e+01,  5.89218191e+01,
                9.12830163e+00,  8.67285097e+00,  1.32897166e+01,
                1.02330342e+01,  1.91589848e+01, -1.88077414e+01,
                1.43032036e+01,  3.81482128e+01, -1.73539073e+01,
                3.26635880e+01, -1.80990711e+01,  4.11101917e+01,
                4.30195926e+01, -1.99911285e+01,  1.27028628e+01,
               -1.95250777e+01,  1.42794240e+01],
              [-2.91807905e+01,  4.49406282e+01,  9.12830163e+00,
                6.86901346e+01,  3.29451952e+01,  4.16724197e+01,
                4.87540881e+01,  8.97830409e+00,  9.51087617e-01,
                4.38563196e+01, -5.14867071e+00,  7.15920763e+00,
                6.43565779e+00, -1.08245136e+01,  8.38329216e-01,
               -1.09950688e+00, -8.83334685e+00,  3.95607917e+01,
                1.64641780e+00,  2.36419505e+01],
              [-7.23964440e+01,  2.84291085e+01,  8.67285097e+00,
                3.29451952e+01,  2.27357109e+02,  2.75468861e+01,
                3.23744148e+01,  3.47458745e+01, -3.98599990e+01,
                2.74063580e+01, -4.42496432e+01, -1.00782127e+02,
                1.22165301e+01, -1.63094212e+01,  6.51348931e-01,
                1.23844199e+01,  4.55422788e+01,  2.75321737e+01,
               -2.21113256e+01,  4.83794408e+01],
              [-2.75293221e+01,  4.71676458e+01,  1.32897166e+01,
                4.16724197e+01,  2.75468861e+01,  7.58541224e+01,
                4.37829667e+01,  7.33436547e+00,  2.54345820e+00,
                4.60198537e+01, -1.44300451e+00,  1.05530203e+01,
                5.70168011e+00, -1.39971256e+01,  3.67216316e+00,
                2.26622253e+00, -1.21868731e+01,  4.88085934e+01,
                2.28239035e+00,  2.70958723e+01],
              [-2.23728401e+01,  4.56761078e+01,  1.02330342e+01,
                4.87540881e+01,  3.23744148e+01,  4.37829667e+01,
                7.05864591e+01,  9.11778486e+00, -2.87022818e-01,
                4.54624515e+01, -2.30850417e+00,  6.92021711e+00,
                9.22503425e+00, -1.20539173e+01,  3.89879212e+00,
                2.38752881e+00, -8.99012448e+00,  3.98130443e+01,
                2.96576104e-01,  2.45834245e+01],
              [ 3.12881929e+01,  8.89829170e+00,  1.91589848e+01,
                8.97830409e+00,  3.47458745e+01,  7.33436547e+00,
                9.11778486e+00,  5.86149921e+01, -1.84518588e+01,
                9.20607574e+00,  1.78916608e+01, -4.13788309e+01,
                2.82539539e+01, -1.26028645e+01,  2.90865335e+01,
                2.79495743e+01,  1.79141994e+00,  6.64257860e+00,
               -1.78171273e+01,  1.39912415e+01],
              [-6.13557791e+01,  6.61993641e-01, -1.88077414e+01,
                9.51087617e-01, -3.98599990e+01,  2.54345820e+00,
               -2.87022818e-01, -1.84518588e+01,  7.84003197e+01,
                1.28985078e+00, -2.92073192e+01,  6.79287202e+01,
               -2.78935180e+01,  2.60109751e+01, -3.68543968e+01,
               -4.26438388e+01,  4.67824846e+00,  2.22522241e+00,
                4.22344186e+01, -1.11470155e+01],
              [-1.97272504e+01,  5.12839108e+01,  1.43032036e+01,
                4.38563196e+01,  2.74063580e+01,  4.60198537e+01,
                4.54624515e+01,  9.20607574e+00,  1.28985078e+00,
                7.07928963e+01,  4.98370881e-01,  5.67938695e+00,
                1.16680306e+01, -1.41578097e+01,  7.22577559e+00,
                3.98999402e+00, -1.28206001e+01,  4.41115576e+01,
               -1.19141775e+00,  2.45377033e+01],
              [ 1.82249186e+02, -2.30159998e+00,  3.81482128e+01,
               -5.14867071e+00, -4.42496432e+01, -1.44300451e+00,
               -2.30850417e+00,  1.78916608e+01, -2.92073192e+01,
                4.98370881e-01,  1.62273843e+02, -2.51574565e+01,
                5.35567238e+01, -3.01142602e+01,  7.45924152e+01,
                8.34314438e+01, -4.84058391e+01,  1.64741385e+00,
               -3.49547864e+01,  2.43416686e+01],
              [-6.44990942e+01,  7.22282648e+00, -1.73539073e+01,
                7.15920763e+00, -1.00782127e+02,  1.05530203e+01,
                6.92021711e+00, -4.13788309e+01,  6.79287202e+01,
                5.67938695e+00, -2.51574565e+01,  2.18533487e+02,
               -4.10400614e+01,  2.55733846e+01, -4.62394395e+01,
               -5.25001793e+01, -2.50435187e+01,  9.76416131e+00,
                5.95414156e+01, -1.61687755e+01],
              [ 9.81313602e+01,  9.28971148e+00,  3.26635880e+01,
                6.43565779e+00,  1.22165301e+01,  5.70168011e+00,
                9.22503425e+00,  2.82539539e+01, -2.78935180e+01,
                1.16680306e+01,  5.35567238e+01, -4.10400614e+01,
                7.68217917e+01, -2.44313323e+01,  5.99184715e+01,
                5.85383961e+01, -2.12742402e+01,  7.80698263e+00,
               -3.07850618e+01,  1.58548555e+01],
              [-4.88598715e+01, -1.28931333e+01, -1.80990711e+01,
               -1.08245136e+01, -1.63094212e+01, -1.39971256e+01,
               -1.20539173e+01, -1.26028645e+01,  2.60109751e+01,
               -1.41578097e+01, -3.01142602e+01,  2.55733846e+01,
               -2.44313323e+01,  6.15378263e+01, -3.24445466e+01,
               -3.12018404e+01,  2.23730672e+01, -1.34244004e+01,
                2.80981166e+01, -1.49612281e+01],
              [ 1.42683981e+02,  5.67740671e+00,  4.11101917e+01,
                8.38329216e-01,  6.51348931e-01,  3.67216316e+00,
                3.89879212e+00,  2.90865335e+01, -3.68543968e+01,
                7.22577559e+00,  7.45924152e+01, -4.62394395e+01,
                5.99184715e+01, -3.24445466e+01,  1.04514640e+02,
                7.96628755e+01, -3.12228263e+01,  4.06655037e+00,
               -3.93687216e+01,  1.61409163e+01],
              [ 1.55324818e+02,  1.82923955e+00,  4.30195926e+01,
               -1.09950688e+00,  1.23844199e+01,  2.26622253e+00,
                2.38752881e+00,  2.79495743e+01, -4.26438388e+01,
                3.98999402e+00,  8.34314438e+01, -5.25001793e+01,
                5.85383961e+01, -3.12018404e+01,  7.96628755e+01,
                1.18434406e+02, -3.06577218e+01,  2.96168889e+00,
               -4.02418844e+01,  1.98256788e+01],
              [-6.85665726e+01, -1.21221784e+01, -1.99911285e+01,
               -8.83334685e+00,  4.55422788e+01, -1.21868731e+01,
               -8.99012448e+00,  1.79141994e+00,  4.67824846e+00,
               -1.28206001e+01, -4.84058391e+01, -2.50435187e+01,
               -2.12742402e+01,  2.23730672e+01, -3.12228263e+01,
               -3.06577218e+01,  8.42845854e+01, -1.05329867e+01,
                1.17720849e+01, -7.08472009e+00],
              [-2.43941209e+01,  4.69840961e+01,  1.27028628e+01,
                3.95607917e+01,  2.75321737e+01,  4.88085934e+01,
                3.98130443e+01,  6.64257860e+00,  2.22522241e+00,
                4.41115576e+01,  1.64741385e+00,  9.76416131e+00,
                7.80698263e+00, -1.34244004e+01,  4.06655037e+00,
                2.96168889e+00, -1.05329867e+01,  7.34755431e+01,
                3.00489173e-01,  2.75727617e+01],
              [-6.97393319e+01,  7.76548274e-01, -1.95250777e+01,
                1.64641780e+00, -2.21113256e+01,  2.28239035e+00,
                2.96576104e-01, -1.78171273e+01,  4.22344186e+01,
               -1.19141775e+00, -3.49547864e+01,  5.95414156e+01,
               -3.07850618e+01,  2.80981166e+01, -3.93687216e+01,
               -4.02418844e+01,  1.17720849e+01,  3.00489173e-01,
                6.79448764e+01, -8.56789459e+00],
              [ 6.05753124e+00,  2.57052933e+01,  1.42794240e+01,
                2.36419505e+01,  4.83794408e+01,  2.70958723e+01,
                2.45834245e+01,  1.39912415e+01, -1.11470155e+01,
                2.45377033e+01,  2.43416686e+01, -1.61687755e+01,
                1.58548555e+01, -1.49612281e+01,  1.61409163e+01,
                1.98256788e+01, -7.08472009e+00,  2.75727617e+01,
               -8.56789459e+00,  6.78238621e+01]],

             [[ 6.85397780e+01,  3.49674786e+01,  2.54853192e+01,
                2.20628489e+01,  3.39522127e+01,  1.43780009e+01,
                2.27324444e+01,  2.25347016e+01, -1.13634788e+01,
                2.21376358e+01,  1.95075740e+01, -9.81884204e+00,
                7.08623053e+01, -1.57453409e+01,  3.35723435e+01,
                3.77802254e+01, -2.31357038e+01,  1.40457274e+01,
               -1.07940437e+01,  1.81617994e+01],
              [ 3.49674786e+01,  1.63318219e+02, -6.81757847e-01,
                3.08820379e+01,  1.08402934e+01,  1.56157862e+01,
                4.61256404e+01,  2.14810533e+01, -6.40347060e+01,
                5.32235570e+01,  1.33338965e+01, -5.01021401e+01,
                5.49400189e+01, -3.94211215e+01,  9.37386830e+01,
                2.20385049e+01, -2.01162162e+01,  1.40589746e+01,
               -4.67330976e+01,  2.24735723e+01],
              [ 2.54853192e+01, -6.81757847e-01,  5.72201295e+01,
                1.56379066e+01,  2.73878271e+01,  1.41171556e+01,
                1.07384954e+01,  1.40788192e+01,  1.28339172e+01,
                1.15471302e+01,  1.66853775e+01,  7.32557426e+00,
                4.47587896e+01,  7.67001590e-01, -5.54264149e+00,
                2.52821966e+01, -1.57635871e+01,  1.68148557e+01,
                9.08006178e+00,  1.35211188e+01],
              [ 2.20628489e+01,  3.08820379e+01,  1.56379066e+01,
                5.83481354e+01,  1.73395076e+01,  2.42168984e+01,
                3.81754106e+01,  1.62821656e+01, -7.48423503e+00,
                3.16968975e+01,  2.75136271e+01,  1.10731224e+01,
                1.57483693e+01, -1.66504240e+01,  2.20135664e+01,
                1.93393997e+01, -1.81334584e+01,  2.57759013e+01,
               -4.34965124e+00,  2.74919120e+01],
              [ 3.39522127e+01,  1.08402934e+01,  2.73878271e+01,
                1.73395076e+01,  6.06137733e+01,  1.58482368e+01,
                1.46069888e+01,  1.90685701e+01,  4.21762736e+00,
                1.51933660e+01,  2.02703140e+01,  3.85200822e-01,
                5.98130556e+01, -5.83353038e+00,  5.82059280e+00,
                3.25116810e+01, -2.22141515e+01,  1.69502991e+01,
                1.52171226e+00,  1.75847909e+01],
              [ 1.43780009e+01,  1.56157862e+01,  1.41171556e+01,
                2.42168984e+01,  1.58482368e+01,  5.91992193e+01,
                2.63316300e+01,  1.36169030e+01, -8.28540512e-01,
                2.50872524e+01,  3.31088659e+01,  2.09483693e+01,
               -6.99747314e-01, -1.24997958e+01,  1.63494625e+01,
                1.58156377e+01, -1.34921545e+01,  3.30692425e+01,
                3.12258120e+00,  3.08935273e+01],
              [ 2.27324444e+01,  4.61256404e+01,  1.07384954e+01,
                3.81754106e+01,  1.46069888e+01,  2.63316300e+01,
                6.71822823e+01,  1.68567201e+01, -1.97930710e+01,
                3.92388175e+01,  2.66015159e+01,  4.86044621e+00,
                1.10167515e+01, -2.33235354e+01,  3.75625420e+01,
                1.84092204e+01, -1.66463873e+01,  2.56196823e+01,
               -1.29287563e+01,  2.73106290e+01],
              [ 2.25347016e+01,  2.14810533e+01,  1.40788192e+01,
                1.62821656e+01,  1.90685701e+01,  1.36169030e+01,
                1.68567201e+01,  5.46809016e+01, -8.82280105e+00,
                1.67233108e+01,  1.58654038e+01, -8.96114814e+00,
                3.54862885e+01, -1.43338501e+01,  1.66367029e+01,
                2.20973159e+01, -1.63925708e+01,  1.26767056e+01,
               -9.98630640e+00,  1.26323278e+01],
              [-1.13634788e+01, -6.40347060e+01,  1.28339172e+01,
               -7.48423503e+00,  4.21762736e+00, -8.28540512e-01,
               -1.97930710e+01, -8.82280105e+00,  1.22046845e+02,
               -2.30940634e+01,  3.71377805e+00,  6.20224389e+01,
                1.07075233e+01,  4.31727014e+01, -8.60064874e+01,
               -2.94606647e+00, -1.17746020e+00,  4.57390713e+00,
                6.74599118e+01, -5.57474431e+00],
              [ 2.21376358e+01,  5.32235570e+01,  1.15471302e+01,
                3.16968975e+01,  1.51933660e+01,  2.50872524e+01,
                3.92388175e+01,  1.67233108e+01, -2.30940634e+01,
                6.96922004e+01,  2.53779538e+01, -4.85874632e+00,
                1.99433877e+01, -2.32872439e+01,  3.95756705e+01,
                1.70789022e+01, -1.68148401e+01,  2.63540552e+01,
               -1.56944208e+01,  2.79255467e+01],
              [ 1.95075740e+01,  1.33338965e+01,  1.66853775e+01,
                2.75136271e+01,  2.02703140e+01,  3.31088659e+01,
                2.66015159e+01,  1.58654038e+01,  3.71377805e+00,
                2.53779538e+01,  7.31691630e+01,  3.00878118e+01,
                5.25214328e+00, -1.62153945e+01,  1.70553680e+01,
                1.66444235e+01, -1.92615173e+01,  3.87223088e+01,
                3.80808618e+00,  4.55725825e+01],
              [-9.81884204e+00, -5.01021401e+01,  7.32557426e+00,
                1.10731224e+01,  3.85200822e-01,  2.09483693e+01,
                4.86044621e+00, -8.96114814e+00,  6.20224389e+01,
               -4.85874632e+00,  3.00878118e+01,  1.68444942e+02,
               -3.81030815e+01,  9.71600493e+00, -4.05732752e+01,
               -6.06855892e+00, -1.44572527e+01,  2.66822056e+01,
                5.27215383e+01,  2.51895483e+01],
              [ 7.08623053e+01,  5.49400189e+01,  4.47587896e+01,
                1.57483693e+01,  5.98130556e+01, -6.99747314e-01,
                1.10167515e+01,  3.54862885e+01,  1.07075233e+01,
                1.99433877e+01,  5.25214328e+00, -3.81030815e+01,
                3.00831169e+02, -1.21154962e+01, -2.19033126e+01,
                6.81858355e+01, -6.43828785e+01,  1.57009080e+00,
               -9.66935516e+00,  9.22893976e+00],
              [-1.57453409e+01, -3.94211215e+01,  7.67001590e-01,
               -1.66504240e+01, -5.83353038e+00, -1.24997958e+01,
               -2.33235354e+01, -1.43338501e+01,  4.31727014e+01,
               -2.32872439e+01, -1.62153945e+01,  9.71600493e+00,
               -1.21154962e+01,  7.18488755e+01, -4.51728686e+01,
               -1.14799955e+01,  2.49593063e+01, -1.21364671e+01,
                3.15841949e+01, -2.21589081e+01],
              [ 3.35723435e+01,  9.37386830e+01, -5.54264149e+00,
                2.20135664e+01,  5.82059280e+00,  1.63494625e+01,
                3.75625420e+01,  1.66367029e+01, -8.60064874e+01,
                3.95756705e+01,  1.70553680e+01, -4.05732752e+01,
               -2.19033126e+01, -4.51728686e+01,  1.64977346e+02,
                1.86248676e+01, -1.48348407e+00,  1.13824196e+01,
               -5.33342323e+01,  2.56144187e+01],
              [ 3.77802254e+01,  2.20385049e+01,  2.52821966e+01,
                1.93393997e+01,  3.25116810e+01,  1.58156377e+01,
                1.84092204e+01,  2.20973159e+01, -2.94606647e+00,
                1.70789022e+01,  1.66444235e+01, -6.06855892e+00,
                6.81858355e+01, -1.14799955e+01,  1.86248676e+01,
                6.41262217e+01, -2.24385004e+01,  1.38758577e+01,
               -3.63993822e+00,  1.73653275e+01],
              [-2.31357038e+01, -2.01162162e+01, -1.57635871e+01,
               -1.81334584e+01, -2.22141515e+01, -1.34921545e+01,
               -1.66463873e+01, -1.63925708e+01, -1.17746020e+00,
               -1.68148401e+01, -1.92615173e+01, -1.44572527e+01,
               -6.43828785e+01,  2.49593063e+01, -1.48348407e+00,
               -2.24385004e+01,  7.46054271e+01, -1.65907333e+01,
                3.48462061e+00, -2.04302743e+01],
              [ 1.40457274e+01,  1.40589746e+01,  1.68148557e+01,
                2.57759013e+01,  1.69502991e+01,  3.30692425e+01,
                2.56196823e+01,  1.26767056e+01,  4.57390713e+00,
                2.63540552e+01,  3.87223088e+01,  2.66822056e+01,
                1.57009080e+00, -1.21364671e+01,  1.13824196e+01,
                1.38758577e+01, -1.65907333e+01,  6.38763336e+01,
                4.64105343e+00,  3.61289867e+01],
              [-1.07940437e+01, -4.67330976e+01,  9.08006178e+00,
               -4.34965124e+00,  1.52171226e+00,  3.12258120e+00,
               -1.29287563e+01, -9.98630640e+00,  6.74599118e+01,
               -1.56944208e+01,  3.80808618e+00,  5.27215383e+01,
               -9.66935516e+00,  3.15841949e+01, -5.33342323e+01,
               -3.63993822e+00,  3.48462061e+00,  4.64105343e+00,
                8.30675869e+01, -2.38591085e+00],
              [ 1.81617994e+01,  2.24735723e+01,  1.35211188e+01,
                2.74919120e+01,  1.75847909e+01,  3.08935273e+01,
                2.73106290e+01,  1.26323278e+01, -5.57474431e+00,
                2.79255467e+01,  4.55725825e+01,  2.51895483e+01,
                9.22893976e+00, -2.21589081e+01,  2.56144187e+01,
                1.73653275e+01, -2.04302743e+01,  3.61289867e+01,
               -2.38591085e+00,  6.94745035e+01]],

             [[ 7.18643010e+01,  2.66538638e+01,  3.75318931e+01,
                2.56513835e+01,  3.64587209e+01, -4.59761155e-01,
                2.79110845e+01,  2.57231328e+01,  1.02794544e+01,
                2.48599045e+01,  2.41465864e+01, -1.23595780e+00,
                3.73786589e+01, -6.22053503e+00,  3.99108001e+01,
                4.22657496e+01, -1.36509971e+01,  2.18563514e+01,
                8.82921411e-01,  1.72122556e+01],
              [ 2.66538638e+01,  8.33113206e+01,  3.52415511e+01,
                5.41138659e+01,  3.02607531e+01,  6.11474379e+01,
                5.59789469e+01, -9.76378386e+00,  8.56128783e+00,
                5.70360629e+01,  5.15481570e+01,  2.68706938e+01,
                2.14068186e+01, -1.70223914e+01,  2.50944677e+01,
                2.71879770e+01, -1.97080500e+01,  2.34220077e+01,
                1.94062453e+00,  4.63360451e+01],
              [ 3.75318931e+01,  3.52415511e+01,  7.11959610e+01,
                3.36015489e+01,  3.95467103e+01,  1.09962956e+01,
                3.63219675e+01,  1.73236542e+01,  1.24661392e+01,
                3.39431383e+01,  3.20475080e+01,  4.98535437e+00,
                3.57413551e+01, -5.85319917e+00,  3.78687398e+01,
                3.86289678e+01, -1.66915991e+01,  2.33582781e+01,
                1.47090691e+00,  2.54263293e+01],
              [ 2.56513835e+01,  5.41138659e+01,  3.36015489e+01,
                8.22865456e+01,  3.13739061e+01,  5.53870740e+01,
                5.70339210e+01, -6.65363254e+00,  8.68351157e+00,
                5.36637711e+01,  4.87329331e+01,  2.61027406e+01,
                2.28730164e+01, -1.73906580e+01,  2.43751331e+01,
                2.86779201e+01, -1.99959806e+01,  2.32581256e+01,
                3.29294671e+00,  4.36524272e+01],
              [ 3.64587209e+01,  3.02607531e+01,  3.95467103e+01,
                3.13739061e+01,  6.97574765e+01,  1.06912482e+01,
                3.22591341e+01,  1.79484027e+01,  6.51554539e+00,
                2.94569601e+01,  2.50828843e+01,  2.43451642e-01,
                3.38624503e+01, -6.37712744e+00,  3.64165291e+01,
                3.80016439e+01, -1.40838583e+01,  1.81093505e+01,
                1.02332277e+00,  2.07063360e+01],
              [-4.59761155e-01,  6.11474379e+01,  1.09962956e+01,
                5.53870740e+01,  1.06912482e+01,  2.69367358e+02,
                5.70581139e+01, -8.23017179e+01, -7.24604554e+01,
                6.05045549e+01,  4.61438682e+01, -1.52039767e+01,
               -7.38176265e+00, -4.57537483e+01, -3.60372629e-01,
                4.26013347e+00, -1.08605534e+00, -2.02492807e+01,
               -4.50617352e+01,  5.52171911e+01],
              [ 2.79110845e+01,  5.59789469e+01,  3.63219675e+01,
                5.70339210e+01,  3.22591341e+01,  5.70581139e+01,
                8.28961249e+01, -3.84995175e+00,  6.86831158e+00,
                5.46061291e+01,  5.08387488e+01,  2.32164992e+01,
                2.32178076e+01, -1.85677563e+01,  2.62463309e+01,
                2.80539215e+01, -1.91644893e+01,  2.55867603e+01,
                2.20956146e+00,  4.65378448e+01],
              [ 2.57231328e+01, -9.76378386e+00,  1.73236542e+01,
               -6.65363254e+00,  1.79484027e+01, -8.23017179e+01,
               -3.84995175e+00,  1.73327894e+02,  2.30850953e+01,
               -8.88882415e+00,  6.07704054e+00, -2.54175616e+01,
                3.02404443e+01,  9.12445928e+00,  2.62495403e+01,
                2.19137104e+01, -8.23886845e+00,  9.86660072e+01,
                1.02532420e+01,  1.54538972e-01],
              [ 1.02794544e+01,  8.56128783e+00,  1.24661392e+01,
                8.68351157e+00,  6.51554539e+00, -7.24604554e+01,
                6.86831158e+00,  2.30850953e+01,  1.12211350e+02,
                7.55925830e+00,  2.15724985e+01,  6.30234130e+01,
                1.19149655e+01,  1.36558494e+01,  1.03729482e+01,
                9.62589088e+00, -1.90273424e+01,  2.57960094e+01,
                5.81724170e+01,  1.25560330e+01],
              [ 2.48599045e+01,  5.70360629e+01,  3.39431383e+01,
                5.36637711e+01,  2.94569601e+01,  6.05045549e+01,
                5.46061291e+01, -8.88882415e+00,  7.55925830e+00,
                8.46823817e+01,  5.05122214e+01,  2.62663282e+01,
                2.09476966e+01, -1.89290463e+01,  2.49039354e+01,
                2.57404017e+01, -1.88365057e+01,  2.36124176e+01,
                1.36189834e+00,  4.68555548e+01],
              [ 2.41465864e+01,  5.15481570e+01,  3.20475080e+01,
                4.87329331e+01,  2.50828843e+01,  4.61438682e+01,
                5.08387488e+01,  6.07704054e+00,  2.15724985e+01,
                5.05122214e+01,  9.04014714e+01,  3.82233324e+01,
                1.94001655e+01, -1.83267625e+01,  2.16126841e+01,
                2.46644727e+01, -2.33357490e+01,  4.31741661e+01,
                9.69472024e+00,  5.96506402e+01],
              [-1.23595780e+00,  2.68706938e+01,  4.98535437e+00,
                2.61027406e+01,  2.43451642e-01, -1.52039767e+01,
                2.32164992e+01, -2.54175616e+01,  6.30234130e+01,
                2.62663282e+01,  3.82233324e+01,  1.65113260e+02,
               -3.26374275e+00, -4.12984983e+00, -3.73369944e+00,
               -2.09569413e+00, -2.69261639e+01, -1.38891153e+00,
                4.32226103e+01,  3.28292983e+01],
              [ 3.73786589e+01,  2.14068186e+01,  3.57413551e+01,
                2.28730164e+01,  3.38624503e+01, -7.38176265e+00,
                2.32178076e+01,  3.02404443e+01,  1.19149655e+01,
                2.09476966e+01,  1.94001655e+01, -3.26374275e+00,
                6.47314501e+01, -3.63735416e+00,  3.80093738e+01,
                3.64577052e+01, -1.25082539e+01,  2.20970711e+01,
                4.04014732e+00,  1.37497136e+01],
              [-6.22053503e+00, -1.70223914e+01, -5.85319917e+00,
               -1.73906580e+01, -6.37712744e+00, -4.57537483e+01,
               -1.85677563e+01,  9.12445928e+00,  1.36558494e+01,
               -1.89290463e+01, -1.83267625e+01, -4.12984983e+00,
               -3.63735416e+00,  5.93438831e+01, -5.19277034e+00,
               -6.47703352e+00,  1.12676696e+01, -7.18755187e+00,
                1.11693918e+01, -1.72386275e+01],
              [ 3.99108001e+01,  2.50944677e+01,  3.78687398e+01,
                2.43751331e+01,  3.64165291e+01, -3.60372629e-01,
                2.62463309e+01,  2.62495403e+01,  1.03729482e+01,
                2.49039354e+01,  2.16126841e+01, -3.73369944e+00,
                3.80093738e+01, -5.19277034e+00,  6.53996559e+01,
                3.92117555e+01, -1.24794494e+01,  2.09853171e+01,
                1.20387407e+00,  1.59836285e+01],
              [ 4.22657496e+01,  2.71879770e+01,  3.86289678e+01,
                2.86779201e+01,  3.80016439e+01,  4.26013347e+00,
                2.80539215e+01,  2.19137104e+01,  9.62589088e+00,
                2.57404017e+01,  2.46644727e+01, -2.09569413e+00,
                3.64577052e+01, -6.47703352e+00,  3.92117555e+01,
                6.97064415e+01, -1.34494181e+01,  2.16790865e+01,
                6.52092673e-01,  1.85505362e+01],
              [-1.36509971e+01, -1.97080500e+01, -1.66915991e+01,
               -1.99959806e+01, -1.40838583e+01, -1.08605534e+00,
               -1.91644893e+01, -8.23886845e+00, -1.90273424e+01,
               -1.88365057e+01, -2.33357490e+01, -2.69261639e+01,
               -1.25082539e+01,  1.12676696e+01, -1.24794494e+01,
               -1.34494181e+01,  5.54282609e+01, -1.52789254e+01,
               -8.49674563e+00, -2.00469066e+01],
              [ 2.18563514e+01,  2.34220077e+01,  2.33582781e+01,
                2.32581256e+01,  1.81093505e+01, -2.02492807e+01,
                2.55867603e+01,  9.86660072e+01,  2.57960094e+01,
                2.36124176e+01,  4.31741661e+01, -1.38891153e+00,
                2.20970711e+01, -7.18755187e+00,  2.09853171e+01,
                2.16790865e+01, -1.52789254e+01,  1.55189856e+02,
                1.01964336e+01,  3.54779604e+01],
              [ 8.82921411e-01,  1.94062453e+00,  1.47090691e+00,
                3.29294671e+00,  1.02332277e+00, -4.50617352e+01,
                2.20956146e+00,  1.02532420e+01,  5.81724170e+01,
                1.36189834e+00,  9.69472024e+00,  4.32226103e+01,
                4.04014732e+00,  1.11693918e+01,  1.20387407e+00,
                6.52092673e-01, -8.49674563e+00,  1.01964336e+01,
                7.55529893e+01,  4.46126890e+00],
              [ 1.72122556e+01,  4.63360451e+01,  2.54263293e+01,
                4.36524272e+01,  2.07063360e+01,  5.52171911e+01,
                4.65378448e+01,  1.54538972e-01,  1.25560330e+01,
                4.68555548e+01,  5.96506402e+01,  3.28292983e+01,
                1.37497136e+01, -1.72386275e+01,  1.59836285e+01,
                1.85505362e+01, -2.00469066e+01,  3.54779604e+01,
                4.46126890e+00,  8.10837651e+01]],

             [[ 5.51314099e+01,  1.40754014e+01,  2.48557611e+01,
               -6.82806782e-01,  2.75640385e+01,  1.36939241e+01,
                1.05762658e+01,  1.89917156e+01,  2.10537327e+00,
                8.29165421e+00,  1.28778649e+01,  6.06076980e+00,
                2.64621492e+01, -1.14734702e+01,  2.76053721e+01,
                3.21655331e+01, -1.10307534e+01,  1.35857677e+01,
               -1.00653942e+00,  1.00812263e+01],
              [ 1.40754014e+01,  8.03047284e+01,  2.28259052e+01,
                5.99428107e+01,  1.74478307e+01,  4.20474935e+01,
                5.40963603e+01,  1.36051024e+01,  8.32638694e+00,
                3.39270977e+01,  4.58804676e+01,  3.30828459e+01,
                1.51430051e+01, -1.69484159e+01,  1.37113911e+01,
                1.85888657e+01, -2.45868655e+01,  4.05694004e+01,
               -8.17250189e+00,  4.45270566e+01],
              [ 2.48557611e+01,  2.28259052e+01,  5.89613198e+01,
                1.10303941e+01,  2.77572118e+01,  2.25537199e+01,
                2.08764334e+01,  1.58148986e+01,  7.74372204e+00,
                1.18249569e+01,  2.43015630e+01,  1.82816756e+01,
                2.37964975e+01, -1.40502163e+01,  2.42099368e+01,
